# BoxSize: 128
# Nmesh: 256
# Number    Log10 k [h/Mpc] Log10 P(k) [h^3/Mpc^3] Number of modes
    1         -1.1732072         0.09153049         17
    2        -0.93148229        -0.18663558         41
    3        -0.77734895        -0.38318482         89
    4        -0.66434325        -0.54915885        129
    5         -0.5722491        -0.76194515        225
    6        -0.50048518        -0.79810402        253
    7        -0.43764649         -1.0264059        393
    8        -0.38245433         -1.1180336        461
    9        -0.33318814         -1.2421041        613
   10        -0.28941104         -1.3019415        713
   11        -0.25024172         -1.4212661        845
   12        -0.21374748         -1.4949779       1025
   13        -0.17941799         -1.5742839       1229
   14        -0.14838109         -1.6238463       1313
   15        -0.11957901         -1.7001038       1585
   16       -0.092449286         -1.7652873       1701
   17       -0.066850743         -1.8060337       2021
   18       -0.042587147         -1.9017618       2181
   19       -0.019575554         -1.9415187       2473
   20       0.0022618167         -1.9959343       2697
   21        0.022937738         -2.0343935       2949
   22        0.042588895         -2.0937037       3237
   23        0.061588437         -2.1372078       3577
   24        0.079668558         -2.1700971       3761
   25        0.097059984         -2.2217816       4249
   26         0.11392961         -2.2678905       4465
   27         0.13011826          -2.306194       4937
   28          0.1455624         -2.3507184       5013
   29         0.16049121         -2.3781908       5677
   30         0.17489599         -2.4211604       5773
   31         0.18897953         -2.4500876       6489
   32         0.20260901         -2.4740555       6653
   33         0.21581202         -2.5239383       7229
   34         0.22862202         -2.5524922       7561
   35         0.24102744         -2.5939984       8033
   36         0.25310972         -2.6232688       8469
   37         0.26479443         -2.6543551       8889
   38          0.2762216         -2.6928208       9441
   39         0.28738609         -2.7156651       9965
   40          0.2982115         -2.7410009      10309
   41         0.30881026         -2.7775593      11033
   42         0.31917293         -2.8045331      11433
   43         0.32933295         -2.8332698      12169
   44         0.33925051         -2.8650576      12561
   45         0.34890214         -2.8879227      13157
   46         0.35829606         -2.9156758      13553
   47         0.36750224         -2.9404261      14393
   48         0.37656833         -2.9711841      14869
   49         0.38544395         -3.0015585      15641
   50         0.39414274         -3.0257188      16081
   51         0.40268759         -3.0483895      17041
   52         0.41105914         -3.0717995      17349
   53         0.41927642         -3.1003939      18329
   54         0.42728047         -3.1265463      18501
   55         0.43517319         -3.1583812      19761
   56         0.44294369         -3.1734665      20113
   57         0.45052492         -3.2013759      20809
   58         0.45801639         -3.2282354      21837
   59         0.46538453         -3.2485159      22297
   60         0.47264498         -3.2739346      23381
   61         0.47977294         -3.3022907      23861
   62         0.48675413         -3.3200004      24581
   63          0.4936807         -3.3472495      25949
   64         0.50046433          -3.369045      25869
   65         0.50714836          -3.393053      27625
   66         0.51373662         -3.4114087      27605
   67         0.52019408         -3.4428336      28929
   68         0.52660216         -3.4639023      29821
   69         0.53290759          -3.488609      30509
   70         0.53909277          -3.512801      31325
   71         0.54519146         -3.5299582      32237
   72         0.55122001          -3.552088      33217
   73         0.55720779         -3.5738198      34681
   74         0.56309399         -3.6014677      34781
   75         0.56888571         -3.6191252      36349
   76         0.57460425          -3.643102      36781
   77         0.58023027         -3.6642423      37965
   78          0.5857849         -3.6915448      38857
   79         0.59128074         -3.7143452      39909
   80          0.5966951         -3.7302438      40805
   81         0.60205219         -3.7560005      42065
   82         0.60738045         -3.7750754      43393
   83         0.61262426         -3.7967661      43933
   84         0.61778127         -3.8251983      44897
   85         0.62289026         -3.8402891      46501
   86         0.62795506          -3.862464      47181
   87         0.63294887         -3.8824309      48513
   88          0.6378585         -3.9069563      48845
   89         0.64274564         -3.9301906      51297
   90         0.64759681         -3.9513959      51673
   91         0.65236644         -3.9721355      52777
   92         0.65708088         -3.9942056      54077
   93         0.66175199         -4.0175839      55205
   94         0.66636901         -4.0358986      56281
   95         0.67093823         -4.0608301      57705
   96         0.67545326         -4.0805636      58405
   97          0.6799283         -4.1050424      60349
   98         0.68437293         -4.1247919      61253
   99         0.68876024          -4.146127      62557
  100         0.69309566         -4.1653955      63533
  101         0.69740594         -4.1903122      65465
  102         0.70166588         -4.2113591      66029
  103         0.70588207         -4.2332216      67873
  104         0.71006257         -4.2526473      68841
  105         0.71419584         -4.2723793      70265
  106          0.7182923         -4.2968435      71445
  107         0.72235509         -4.3157391      73357
  108         0.72637218         -4.3341412      73649
  109         0.73035178         -4.3555508      76141
  110         0.73429519         -4.3728057      76365
  111         0.73820818         -4.3942564      79113
  112         0.74209352         -4.4126827      79641
  113         0.74594088          -4.432055      81485
  114         0.74975498         -4.4524675      82813
  115         0.75353692         -4.4678404      84309
  116         0.75727993         -4.4888415      85481
  117         0.76099324         -4.5017167      87297
  118         0.76466963         -4.5222366      88165
  119         0.76830636         -4.5353144      90001
  120         0.77192901         -4.5533079      91717
  121           0.775521         -4.5660776      93213
  122         0.77908029         -4.5781861      94473
  123         0.78261738         -4.5907437      96745
  124         0.78612573         -4.6017316      97625
  125         0.78960862         -4.6112656      99905
  126         0.79304164          -4.621292      99661
  127          0.7964485         -4.6301738     102945
  128         0.79984418         -4.6398943     103059
  129         0.80321275         -4.6679294     102832
  130         0.80655873         -4.6885972     101466
  131         0.80987156         -4.7137551     100690
  132         0.81316767         -4.7367165     100064
  133         0.81644501         -4.7622385      99298
  134          0.8196767         -4.7846258      96898
  135         0.82288396         -4.8040814      97086
  136         0.82608159         -4.8199647      96062
  137           0.829254         -4.8445965      94686
  138         0.83239779         -4.8612905      93818
  139         0.83551996         -4.8826566      92408
  140         0.83862562         -4.8969448      92042
  141         0.84170555         -4.9118037      90120
  142         0.84475809          -4.928178      89084
  143          0.8477976         -4.9437246      88576
  144         0.85081559         -4.9537508      86394
  145         0.85381337         -4.9705195      86376
  146         0.85679073         -4.9788931      83840
  147         0.85974608         -4.9905991      83632
  148          0.8626856         -5.0012251      81680
  149         0.86560004         -5.0135439      80444
  150         0.86848902         -5.0212584      78864
  151         0.87136195         -5.0261843      77730
  152         0.87421481         -5.0330069      76092
  153         0.87705903         -5.0372795      75412
  154         0.87988608         -5.0446468      73192
  155         0.88268232         -5.0491896      71932
  156          0.8854634          -5.051233      70230
  157         0.88822581         -5.0547573      68924
  158         0.89097506         -5.0564296      67340
  159         0.89371226         -5.0577481      65926
  160         0.89641945         -5.0552939      63768
  161         0.89911738         -5.0550446      62724
  162         0.90180676         -5.0517311      61102
  163         0.90446374         -5.0505698      58572
  164         0.90711314          -5.046089      58028
  165          0.9097582         -5.0428887      55770
  166         0.91237209         -5.0378567      53648
  167          0.9149601         -5.0328675      52098
  168         0.91753905         -5.0306307      50124
  169         0.92011871         -5.0205884      49066
  170         0.92267353         -5.0223916      46244
  171         0.92520598         -5.0073612      44798
  172         0.92773473         -5.0056905      43124
  173         0.93025382          -5.002473      40782
  174         0.93274243         -4.9926896      39012
  175         0.93522062         -4.9907403      36798
  176         0.93768952         -4.9778544      35144
  177         0.94013844         -4.9801305      32694
  178         0.94257102         -4.9653065      30868
  179         0.94499619         -4.9700251      28870
  180         0.94741209         -4.9726041      26622
  181         0.94981453         -4.9687811      24721
  182         0.95219711         -4.9661054      22652
  183          0.9545659         -4.9638425      21278
  184         0.95693012         -4.9561138      19782
  185         0.95927631         -4.9460354      18404
  186         0.96160095         -4.9366911      17084
  187         0.96393484         -4.9314832      16216
  188         0.96626354         -4.9172977      14880
  189         0.96855139         -4.9041631      13719
  190          0.9708198         -4.9034119      12783
  191         0.97311716         -4.8878082      12175
  192         0.97539455         -4.8704086      10883
  193         0.97760879         -4.8631041      10007
  194         0.97985625          -4.840292       9635
  195         0.98212127         -4.8301872       8651
  196         0.98432228         -4.8044435       7786
  197         0.98648096         -4.7949503       7123
  198         0.98868534         -4.7860691       6786
  199         0.99090855         -4.7626817       6063
  200          0.9930664         -4.7579041       5330
  201         0.99520535         -4.7438666       4962
  202         0.99737939         -4.7163375       4450
  203         0.99953458         -4.7027956       3955
  204           1.001609         -4.6916448       3342
  205          1.0037168         -4.6541739       3242
  206          1.0059143          -4.654359       2778
  207          1.0080273         -4.6325605       2310
  208          1.0099545         -4.6158292       1822
  209          1.0120145         -4.5995756       1898
  210          1.0142544         -4.5561921       1550
  211          1.0163747         -4.5461674       1162
  212          1.0181454         -4.5206344        822
  213           1.020167         -4.5114512        902
  214          1.0224596         -4.4836297        678
  215          1.0246627         -4.4853749        437
  216           1.026292         -4.4165123        230
  217           1.028155         -4.3563188        258
  218          1.0304113         -4.3821344        146
  219          1.0326405         -4.2456923         66
  220           1.034479         -4.3255596         13
  221          1.0357995         -4.9396101          6
