          99      78.6137
 0.000628319       10.091  3.14544e-08  0.000628319  3.14544e-08
 0.000644026      10.3303  3.46765e-08  0.000644027  3.46765e-08
 0.000660127      10.5746  3.82257e-08  0.000660127  3.82257e-08
  0.00067663      10.8246  4.21382e-08   0.00067663  4.21382e-08
 0.000693546      11.0805  4.64511e-08  0.000693546  4.64511e-08
 0.000710885      11.3425  5.12054e-08  0.000710885  5.12054e-08
 0.000728657      11.6107  5.64464e-08  0.000728657  5.64464e-08
 0.000746873      11.8852  6.22238e-08  0.000746873  6.22238e-08
 0.000765545      12.1662  6.85925e-08  0.000765545  6.85925e-08
 0.000784684      12.4528  7.56065e-08  0.000784684  7.56065e-08
 0.000804301       12.745  8.33304e-08  0.000804301  8.33304e-08
 0.000824408       13.044  9.18434e-08  0.000824408  9.18434e-08
 0.000845019      13.3501  1.01226e-07  0.000845019  1.01226e-07
 0.000866144      13.6633  1.11567e-07  0.000866144  1.11567e-07
 0.000887798      13.9839  1.22965e-07  0.000887798  1.22965e-07
 0.000909993      14.3121  1.35527e-07  0.000909993  1.35527e-07
 0.000932742      14.6479  1.49372e-07  0.000932742  1.49372e-07
 0.000956061      14.9896  1.64611e-07  0.000956061  1.64611e-07
 0.000979962      15.3379  1.81386e-07  0.000979963  1.81386e-07
  0.00100446      15.6942   1.9987e-07   0.00100446   1.9987e-07
  0.00102957      16.0587  2.20238e-07   0.00102957  2.20238e-07
  0.00105531      16.4318  2.42682e-07   0.00105531  2.42682e-07
   0.0010817      16.8135  2.67413e-07    0.0010817  2.67413e-07
  0.00110874      17.2041  2.94665e-07   0.00110874  2.94665e-07
  0.00113646      17.6038  3.24693e-07   0.00113646  3.24693e-07
  0.00116487      18.0093  3.57714e-07   0.00116487  3.57714e-07
  0.00119399      18.4222  3.94051e-07   0.00119399  3.94051e-07
  0.00122384      18.8446  4.34079e-07   0.00122384  4.34079e-07
  0.00125443      19.2766  4.78173e-07   0.00125444  4.78173e-07
   0.0012858      19.7186  5.26746e-07    0.0012858  5.26747e-07
  0.00131794      20.1707  5.80254e-07   0.00131794  5.80254e-07
  0.00135089      20.6332  6.39197e-07   0.00135089  6.39197e-07
  0.00138466      21.1062  7.04127e-07   0.00138466  7.04127e-07
  0.00141928      21.5842   7.7544e-07   0.00141928   7.7544e-07
  0.00145476      22.0706  8.53883e-07   0.00145476  8.53883e-07
  0.00149113       22.568  9.40261e-07   0.00149113  9.40261e-07
  0.00152841      23.0766  1.03538e-06   0.00152841  1.03538e-06
  0.00156662      23.5966  1.14011e-06   0.00156662  1.14011e-06
  0.00160578      24.1284  1.25545e-06   0.00160578  1.25545e-06
  0.00164593      24.6721  1.38244e-06   0.00164593  1.38245e-06
  0.00168708      25.2281  1.52229e-06   0.00168708  1.52229e-06
  0.00172925      25.7867  1.67564e-06   0.00172925  1.67564e-06
  0.00177248      26.3549  1.84424e-06   0.00177248  1.84424e-06
   0.0018168      26.9357  2.02981e-06    0.0018168  2.02981e-06
  0.00186222      27.5292  2.23406e-06   0.00186222  2.23406e-06
  0.00190877      28.1359  2.45885e-06   0.00190877  2.45885e-06
  0.00195649      28.7559  2.70626e-06   0.00195649  2.70626e-06
   0.0020054      29.3896  2.97857e-06    0.0020054  2.97857e-06
  0.00205554      30.0372  3.27828e-06   0.00205554  3.27828e-06
  0.00210693      30.6828  3.60622e-06   0.00210693  3.60622e-06
   0.0021596      31.3396  3.96664e-06    0.0021596  3.96665e-06
  0.00221359      32.0105  4.36309e-06   0.00221359  4.36309e-06
  0.00226893      32.6958  4.79915e-06   0.00226893  4.79916e-06
  0.00232565      33.3958   5.2788e-06   0.00232566   5.2788e-06
  0.00238379      34.1107  5.80639e-06    0.0023838  5.80639e-06
  0.00244339      34.8409   6.3867e-06   0.00244339  6.38671e-06
  0.00250447      35.5868  7.02502e-06   0.00250448  7.02502e-06
  0.00256708      36.3226   7.7216e-06   0.00256709  7.72161e-06
  0.00263126       37.072  8.48688e-06   0.00263127  8.48689e-06
  0.00269704      37.8368    9.328e-06   0.00269705  9.32801e-06
  0.00276447      38.6175  1.02525e-05   0.00276448  1.02525e-05
  0.00283358      39.4142  1.12686e-05   0.00283359  1.12686e-05
  0.00290442      40.2274  1.23854e-05   0.00290443  1.23854e-05
  0.00297703      41.0573  1.36129e-05   0.00297704  1.36129e-05
  0.00305146      41.9038  1.49618e-05   0.00305147  1.49619e-05
  0.00312774      42.7288  1.64295e-05   0.00312776  1.64295e-05
  0.00320594        43.57  1.80411e-05   0.00320596  1.80411e-05
  0.00328609      44.4278  1.98107e-05   0.00328611  1.98108e-05
  0.00336824      45.3024   2.1754e-05   0.00336826  2.17541e-05
  0.00345244      46.1943  2.38879e-05   0.00345247   2.3888e-05
  0.00353875      47.1038  2.62311e-05   0.00353879  2.62312e-05
  0.00362722      48.0311  2.88042e-05   0.00362726  2.88043e-05
   0.0037179      48.9717  3.16264e-05   0.00371794  3.16265e-05
  0.00381085      49.8801    3.469e-05    0.0038109  3.46901e-05
  0.00390612      50.8054  3.80503e-05   0.00390617  3.80505e-05
  0.00400378      51.7479  4.17361e-05   0.00400383  4.17363e-05
  0.00410387      52.7078  4.57789e-05   0.00410393  4.57792e-05
  0.00420647      53.6855  5.02134e-05   0.00420654  5.02138e-05
  0.00431163      54.6814  5.50774e-05   0.00431171  5.50779e-05
  0.00441942      55.6958  6.04126e-05   0.00441951  6.04132e-05
  0.00452991      56.7163  6.62499e-05   0.00453001  6.62505e-05
  0.00464315      57.6913  7.25704e-05   0.00464327  7.25711e-05
  0.00475923      58.6831  7.94939e-05   0.00475936  7.94948e-05
  0.00487821       59.692  8.70779e-05   0.00487835   8.7079e-05
  0.00500017      60.7181  9.53854e-05   0.00500033  9.53867e-05
  0.00512517      61.7619  0.000104486   0.00512535  0.000104487
   0.0052533      62.8237  0.000114454    0.0052535  0.000114456
  0.00538463      63.9037  0.000125373   0.00538486  0.000125375
  0.00551925      64.9773  0.000137281    0.0055195  0.000137284
  0.00565723       65.989  0.000150139   0.00565751  0.000150142
  0.00579866      67.0165  0.000164201   0.00579898  0.000164205
  0.00594363        68.06   0.00017958   0.00594398  0.000179584
  0.00609222      69.1198  0.000196399   0.00609262  0.000196404
  0.00624452       70.196  0.000214793   0.00624497    0.0002148
  0.00640064      71.2891   0.00023491   0.00640114  0.000234919
  0.00656065      72.3991  0.000256912   0.00656121  0.000256922
  0.00672467      73.4813  0.000280802    0.0067253  0.000280813
  0.00689279      74.4811  0.000306507   0.00689349  0.000306521
  0.00706511      75.4945  0.000334566   0.00706589  0.000334582
  0.00724173      76.5217  0.000365193   0.00724262  0.000365213
  0.00742278      77.5629  0.000398624   0.00742376  0.000398648
  0.00760835      78.6183  0.000435115   0.00760945  0.000435144
  0.00779855       79.688  0.000474947   0.00779979  0.000474981
  0.00799352      80.7722  0.000518425    0.0079949  0.000518466
  0.00819336      81.7976  0.000565375    0.0081949  0.000565423
  0.00839819      82.7206  0.000615717   0.00839991  0.000615775
  0.00860815       83.654  0.000670541   0.00861007   0.00067061
  0.00882335       84.598  0.000730248    0.0088255  0.000730329
  0.00904393      85.5526  0.000795271   0.00904633   0.00079537
  0.00927003      86.5179  0.000866083   0.00927271  0.000866201
  0.00950178      87.4942  0.000943201   0.00950477   0.00094334
  0.00973933      88.4815   0.00102719   0.00974266   0.00102735
  0.00998281        89.36   0.00111715   0.00998653   0.00111735
   0.0102324      90.1095   0.00121314    0.0102365   0.00121337
   0.0104882      90.8653   0.00131738    0.0104928   0.00131765
   0.0107504      91.6275   0.00143057    0.0107555   0.00143089
   0.0110192       92.396   0.00155349    0.0110249   0.00155388
   0.0112946      93.1709   0.00168697     0.011301   0.00168743
    0.011577      93.9524   0.00183192    0.0115841   0.00183246
   0.0118664      94.7404   0.00198932    0.0118743   0.00198996
   0.0121631      95.3582   0.00215625    0.0121718     0.002157
   0.0124672      95.8303   0.00233354    0.0124769   0.00233442
   0.0127788      96.3047   0.00252541    0.0127896   0.00252644
   0.0130983      96.7814   0.00273305    0.0131102   0.00273426
   0.0134258      97.2605   0.00295777     0.013439   0.00295923
   0.0137614      97.7419   0.00320096    0.0137761   0.00320268
   0.0141054      98.2258   0.00346415    0.0141217   0.00346616
   0.0144581       98.712   0.00374897    0.0144761   0.00375133
   0.0148195      98.9294   0.00404613    0.0148395   0.00404887
     0.01519      98.9795   0.00435944    0.0152121   0.00436263
   0.0155698      99.0296   0.00469701    0.0155941   0.00470072
    0.015959      99.0796   0.00506073    0.0159859   0.00506503
    0.016358      99.1298   0.00545261    0.0163877   0.00545784
   0.0167669      99.1799   0.00587483    0.0167998    0.0058809
   0.0171861      99.2301   0.00632975    0.0172223    0.0063368
   0.0176158      99.2803    0.0068199    0.0176558   0.00682808
   0.0180562      98.9651   0.00732097    0.0181002    0.0073304
   0.0185076        98.49   0.00784604    0.0185559   0.00785687
   0.0189703      98.0173   0.00840877    0.0190234    0.0084212
   0.0194445      97.5467   0.00901185    0.0195028   0.00902614
   0.0199306      97.0785   0.00965819    0.0199947   0.00967563
   0.0204289      96.6125    0.0103509    0.0204993    0.0103709
   0.0209396      96.1487    0.0110933    0.0210169    0.0111163
   0.0214631      95.6871    0.0118889     0.021548    0.0119153
   0.0219997      94.7751     0.012681    0.0220925    0.0127111
   0.0225497      93.7369    0.0135065     0.022651    0.0135406
   0.0231134      92.7101    0.0143857     0.023224    0.0144244
   0.0236913      91.6946    0.0153221     0.023812     0.015366
   0.0242835      90.6901    0.0163195    0.0244154    0.0163732
   0.0248906      89.6967    0.0173818    0.0250345    0.0174427
   0.0255129      88.7141    0.0185132      0.02567    0.0185823
   0.0261507      87.5443    0.0196738    0.0263218    0.0197519
   0.0268045       86.078    0.0208317    0.0269901    0.0209192
   0.0274746      84.6363    0.0220577     0.027676    0.0221558
   0.0281615      83.2187    0.0233559      0.02838    0.0234659
   0.0288655      81.8249    0.0247305    0.0291027    0.0248538
   0.0295871      80.4544     0.026186    0.0298447    0.0263392
   0.0303268      79.0565    0.0277094    0.0306061    0.0278811
    0.031085      77.3842    0.0292088    0.0313867    0.0293995
   0.0318621      75.7472    0.0307893     0.032188    0.0310012
   0.0326587      74.1448    0.0324553    0.0330107    0.0326908
   0.0334751      72.5763    0.0342115    0.0338555    0.0344732
    0.034312      71.0411    0.0360626    0.0347229    0.0363535
   0.0351698      69.4091    0.0379434    0.0356128    0.0382654
    0.036049      67.7689    0.0398953     0.036527    0.0403012
   0.0369503      66.1674    0.0419476    0.0374652    0.0423964
    0.037874      64.6038    0.0441055    0.0384289    0.0446018
   0.0388209      63.0772    0.0463744    0.0394188    0.0469231
   0.0397914      61.5655    0.0487433    0.0404355    0.0493496
   0.0407862      60.0892    0.0512325      0.04148    0.0519025
   0.0418058      58.6484    0.0538489    0.0425531    0.0545892
    0.042851      57.2421    0.0565989    0.0436559    0.0574169
   0.0439223      55.9223    0.0595455    0.0447924    0.0606147
   0.0450203      54.6554    0.0626713    0.0459589     0.063856
   0.0461458      53.4172    0.0659612    0.0471583    0.0672738
   0.0472995      52.2071    0.0694238    0.0483916    0.0708781
    0.048482      51.1523    0.0732513    0.0496629     0.074871
    0.049694      50.1432    0.0773275    0.0509717     0.079133
   0.0509364      49.1541    0.0816306    0.0523187    0.0836433
   0.0522098       48.218    0.0862331    0.0537133     0.088904
    0.053515      47.3719    0.0912343    0.0551456    0.0942249
   0.0548529      46.5408    0.0965255    0.0566214    0.0998744
   0.0562242      45.7275     0.102131    0.0581424     0.105882
   0.0576298      44.9702     0.108162    0.0597123     0.112372
   0.0590706      44.2255      0.11455    0.0613315     0.119274
   0.0605473      43.4914      0.12131    0.0630171     0.127433
    0.062061      42.7469     0.128402    0.0647418     0.135265
   0.0636125       42.015     0.135907    0.0665223     0.143601
   0.0652028      41.2658     0.143747    0.0683591     0.152361
   0.0668329      40.4531     0.151751    0.0702499     0.161359
   0.0685037      39.6564     0.160201    0.0722032     0.170918
   0.0702163      38.7486      0.16857    0.0742309     0.181518
   0.0719717      37.7988     0.177082    0.0762979     0.191384
    0.073771      36.8237     0.185778    0.0784269     0.201537
   0.0756153       35.694     0.193925    0.0806006     0.211115
   0.0775057      34.5989     0.202429    0.0828439     0.221182
   0.0794433      33.3474     0.210109    0.0851324     0.230586
   0.0814294      32.1193     0.217932    0.0874824     0.239988
   0.0834652      30.8255     0.225235    0.0898819     0.248823
   0.0855518      29.5391     0.232431    0.0923438      0.25758
   0.0876906      28.2509     0.239387    0.0948352     0.264882
   0.0898828      26.9873     0.246264    0.0974207     0.273279
   0.0921299      25.7721     0.253257      0.10008     0.281869
   0.0944332      24.6074     0.260405     0.102817     0.290699
    0.096794      23.4953     0.267754     0.105555      0.29684
   0.0992138      22.5182     0.276351     0.108486     0.307398
    0.101694      21.5954     0.285403     0.111515     0.318592
    0.104237      20.7537      0.29537     0.114592     0.328639
    0.106842      20.0748     0.307675     0.117905       0.3439
    0.109514      19.4181     0.320493     0.121332     0.359949
    0.112251      18.9053     0.336023     0.124923     0.378322
    0.115058       18.438     0.352915     0.128709      0.39984
    0.117934      18.0128     0.371286     0.132668     0.423564
    0.120882      17.6304     0.391347     0.136848     0.450848
    0.123904      17.2398     0.412102     0.141159     0.478637
    0.127002      16.8183     0.432938     0.145607     0.507017
    0.130177      16.3759     0.453961     0.150424     0.542943
    0.133432       15.831       0.4726     0.155077     0.569865
    0.136767      15.2651     0.490745     0.159849     0.596538
    0.140187      14.5968     0.505343     0.165252     0.638018
    0.143691      13.9166     0.518842     0.170126     0.659672
    0.147284       13.196     0.529804     0.176352     0.716643
    0.150966      12.4885     0.539949     0.181407     0.735129
     0.15474      11.8002     0.549421     0.186565     0.752623
    0.158608       11.175     0.560319     0.194411     0.841547
    0.162573      10.6038     0.572558     0.200245     0.868697
    0.166638       10.133     0.589208      0.21013      1.00512
    0.170804      9.74126     0.609982     0.217481      1.06429
    0.175074      9.40787     0.634402     0.229417      1.25016
    0.179451      9.14286     0.663937     0.239052      1.36397
    0.183937      8.89027     0.695235     0.250518      1.52645
    0.188535      8.64154     0.727745     0.262034      1.68469
    0.193249      8.36795      0.75889     0.274096      1.85337
     0.19808      8.04801     0.785995     0.274726      1.66796
    0.203032       7.6924      0.80903     0.285265      1.77366
    0.208108      7.30653     0.827533     0.280985      1.46143
     0.21331      6.90282     0.841923     0.289816      1.50802
    0.218643      6.51167     0.855284     0.298809      1.55255
    0.224109      6.15735     0.870929     0.299517      1.38718
    0.229712      5.85081     0.891204     0.309329      1.44181
    0.235455       5.5953     0.917817     0.317109      1.44289
    0.241341      5.38367     0.951005     0.328923      1.53156
    0.247375      5.19848       0.9889     0.345498       1.7244
    0.253559      5.01785      1.02793     0.359651      1.85368
    0.259898      4.82399      1.06421     0.394196      2.48922
    0.266396      4.60873      1.09489     0.410673       2.6636
    0.273055       4.3753      1.11936     0.500947      5.17479
    0.279882      4.13717      1.13982     0.522643      5.51168
    0.286879      3.91147       1.1605     0.758231      17.4633
    0.294051      3.71102      1.18569      0.80015      19.1487
    0.301402      3.53911      1.21771      1.04285      40.4215
    0.308937      3.38984      1.25603      1.10782      45.1104
    0.316661      3.25223       1.2977      1.01569      31.9995
    0.324577      3.11354      1.33788     0.736942      10.7043
    0.332691      2.96658      1.37275      0.77927      11.8511
    0.341009      2.81431      1.40242     0.641473       5.6564
    0.349534      2.66456      1.42989     0.626893      4.76916
    0.358272       2.5268      1.46023       0.6388      4.66831
    0.367229      2.40375      1.49593     0.660437      4.81679
     0.37641      2.29324      1.53689     0.734048      6.41637
     0.38582      2.18895      1.57979     0.771959      7.00991
    0.395466      2.08476      1.62028     0.979209       14.181
    0.405352      1.97926      1.65658      1.47096      46.7867
    0.415486      1.87618      1.69104      1.95461      103.115
    0.425873       1.7795      1.72722      2.03285      107.761
     0.43652      1.69129      1.76783      2.18223      123.937
    0.447433      1.60929      1.81146       2.1106      103.963
    0.458619      1.53036      1.85507      1.72403      52.1223
    0.470084      1.45267      1.89628      1.38178      24.3975
    0.481836      1.37737      1.93624      1.27061      17.3373
    0.493882      1.30627      1.97749       1.3238      18.2573
    0.506229      1.23996      2.02144      1.53861      27.0763
    0.518885      1.17743      2.06709      1.97665      54.2807
    0.531857      1.11722      2.11219      2.55974      110.481
    0.545154      1.05914      2.15635      2.93049      154.333
    0.558783      1.00388      2.20101      3.08502      167.286
    0.572752     0.951863      2.24742      3.08722      155.605
    0.587071     0.902599      2.29497      2.91175      121.009
    0.601748     0.855501      2.34247      2.66097      85.4723
    0.616791     0.810512      2.38992      2.53792      68.6655
    0.632211     0.767696      2.43773      2.61387      69.6753
    0.648016      0.72687      2.48556      3.22015      121.707
    0.664217     0.688215      2.53433      3.66536      167.043
    0.680822     0.651615      2.58406      3.97176       197.54
    0.697843     0.616962      2.63476       4.1543       209.97
    0.715289     0.584152      2.68646      4.10621      188.181
    0.733171     0.553087      2.73917      4.08099      171.457
      0.7515     0.523673      2.79292      4.03142      153.378
    0.770288     0.495667      2.84681      4.28648      171.323
    0.789545     0.468729       2.8991      4.70191        210.2
    0.809284     0.443256      2.95234      5.01694       237.24
    0.829516     0.419167      3.00657      5.22564      249.003
    0.850254     0.396387      3.06179      5.34382      247.262
     0.87151     0.374845      3.11802      5.38339      234.694
    0.893298     0.354474      3.17529      5.57382      241.924
     0.91563      0.33521      3.23361      5.83356      257.607
    0.938521     0.316937      3.29242      6.17064      283.223
    0.961984     0.299382      3.34918      6.40922      294.742
    0.986034     0.282799      3.40692      6.57598      295.624
     1.01068     0.267134      3.46566      6.75303      297.297
     1.03595     0.252337      3.52541      7.01852      309.969
     1.06185      0.23836      3.58619      7.32135      326.781
      1.0884     0.225157      3.64802      7.60272      339.836
     1.11561     0.212685      3.71091      7.84016      346.089
      1.1435     0.200893      3.77467      8.09161      353.324
     1.17208     0.189574      3.83588      8.36987       363.15
     1.20139     0.178893      3.89808      8.69114      377.601
     1.23142     0.168814      3.96129      9.00362       389.87
     1.26221     0.159302      4.02553       9.3417      404.402
     1.29376     0.150327      4.09081      9.65328      414.396
     1.32611     0.141857      4.15714      9.97519      424.626
     1.35926     0.133864      4.22456      10.3078      435.101
     1.39324     0.126322      4.29306      10.6514      445.825
     1.42807       0.1191      4.35882      11.0015      456.194
     1.46377     0.112285      4.42542      11.3628      466.772
     1.50037     0.105861      4.49303      11.7359      477.588
     1.53788    0.0998047      4.56168      12.2372      502.824
     1.57632    0.0940946      4.63138      12.6387       514.43
     1.61573    0.0887112      4.70214      13.0533        526.3
     1.65612    0.0836358      4.77398      13.4816      538.442
     1.69753    0.0788508      4.84692      13.9239      550.861
     1.73997     0.074286      4.91744      14.3755      562.955
     1.78346    0.0699773      4.98839      14.8408       575.21
     1.82805    0.0659185      5.06037      15.3212       587.73
     1.87375    0.0620951      5.13339      15.9587      616.816
      1.9206    0.0584935      5.20746      16.4752      630.227
     1.96861    0.0551008       5.2826      17.0084      643.928
     2.01783    0.0519048      5.35882      17.5588      657.926
     2.06827    0.0488943      5.43614      18.1271      672.227
     2.11998    0.0460313      5.51134      18.7082      686.233
     2.17298    0.0433278      5.58654      19.3062      700.335
      2.2273    0.0407832      5.66277      19.9233      714.726
     2.28299     0.038388      5.74004      20.6821      742.486
     2.34006    0.0361335      5.81836         21.4      763.826
     2.39856    0.0340114      5.89775       22.084      779.517
     2.45853    0.0320139      5.97823      22.7899      795.529
     2.51999    0.0301337       6.0598      23.5183       811.87
     2.58299    0.0283508      6.13964      24.2644       827.97
     2.64756     0.026667      6.21904      25.0311      844.086
     2.71375    0.0250832      6.29947      25.8221      860.517
      2.7816    0.0235935      6.38094      26.6381      877.267
     2.85114    0.0221923      6.46347      27.7096       916.99
     2.92241    0.0208743      6.54706      28.5853      934.838
     2.99547    0.0196345      6.63174      29.4886      953.033
     3.07036    0.0184684      6.71751      30.4204      971.582
     3.14712    0.0173652       6.8019       31.376      989.951
      3.2258    0.0163233       6.8854       32.357      1008.23
     3.30644    0.0153438      6.96992      33.3687      1026.86
     3.38911    0.0144232      7.05547       34.412      1045.82
     3.47383    0.0135578      7.14208       35.773      1091.04
     3.56068    0.0127443      7.22975      36.8915      1111.19
      3.6497    0.0119796      7.31849      38.0449      1131.72
     3.74094    0.0112608      7.40833      39.2345      1152.62
     3.83446    0.0105822       7.4972      40.4556      1173.42
     3.93032   0.00994131      7.58469      41.7081      1194.02
     4.02858   0.00933923      7.67321      42.9993      1214.99
      4.1293   0.00877362      7.76276      44.3305      1236.32
     4.23253   0.00824226      7.85336      46.0617      1287.91
     4.33834   0.00774308      7.94502      47.4878      1310.52
      4.4468   0.00727414      8.03774       48.958      1333.53
     4.55797   0.00683359      8.13154      50.4737      1356.94
     4.67192   0.00641845       8.2248      52.0311      1380.35
     4.78872    0.0060264       8.3162      53.6272      1403.42
     4.90843   0.00565829      8.40861      55.2722      1426.88
     5.03115   0.00531268      8.50206      56.9677      1450.73
     5.15692   0.00498817      8.59653      59.1573      1508.57
     5.28585   0.00468349      8.69206      60.9719      1533.78
     5.41799   0.00439741      8.78865      62.8423      1559.42
     5.55344   0.00412881      8.88632        64.77      1585.48
     5.69228    0.0038761      8.98386      66.7525      1611.66
     5.83459   0.00363748      9.07906      68.7826      1637.35
     5.98045   0.00341356      9.17527      70.8745      1663.44
     6.12996   0.00320342       9.2725      73.0301      1689.95
     6.28321   0.00300622      9.37076      75.8035      1754.99
     6.44029   0.00282115      9.47006       78.109      1782.96
      6.6013   0.00264748      9.57042      80.4845      1811.38
     6.76633    0.0024845      9.67183      82.9324      1840.25
     6.93549   0.00233137      9.77357      85.4514      1869.36
     7.10888   0.00218682      9.87245      88.0294       1897.8
      7.2866   0.00205122      9.97234      90.6851      1926.68
     7.46876   0.00192403      10.0732      93.4211      1955.99
     7.65548   0.00180473      10.1751      96.9226      2028.35
     7.84687   0.00169283      10.2781      99.8467      2059.21
     8.04304   0.00158786      10.3821      102.859      2090.54
     8.24412   0.00148941      10.4871      105.962      2122.35
     8.45022   0.00139702      10.5929      109.158      2154.55
     8.66148   0.00130981      10.6954      112.426      2185.88
     8.87801   0.00122806      10.7988      115.792      2217.66
     9.09996    0.0011514      10.9032      119.259      2249.91
     9.32746   0.00107953      11.0087      123.677      2330.17
     9.56065   0.00101214      11.1151       127.38      2364.06
     9.79967  0.000948966      11.2226      131.194      2398.43
     10.0447  0.000889731      11.3312      135.122      2433.31
     10.2958  0.000834194      11.4407      139.168      2468.69
     10.5532  0.000781815      11.5468      143.307      2503.11
      10.817  0.000732713      11.6537      147.568      2537.95
     11.0874  0.000686696      11.7616      151.955      2573.27
     11.3646  0.000643568      11.8705      157.518      2661.75
     11.6487  0.000603149      11.9804      162.202       2698.8
     11.9399  0.000565269      12.0913      167.024      2736.36
     12.2384  0.000529767      12.2032       171.99      2774.44
     12.5444  0.000496496      12.3161      177.104      2813.06
      12.858  0.000465156       12.426      182.338      2850.76
     13.1795  0.000435772      12.5361      187.723      2888.75
     13.5089  0.000408244      12.6472      193.267      2927.24
     13.8467  0.000382455      12.7593      200.271      3024.63
     14.1928  0.000358295      12.8724      206.185      3064.92
     14.5477  0.000335661      12.9865      212.273      3105.76
     14.9113  0.000314457      13.1015      218.542      3147.14
     15.2841  0.000294593      13.2177      224.996      3189.07
     15.6662  0.000275906      13.3311      231.608       3230.2
     16.0579  0.000258382      13.4443      238.403      3271.44
     16.4593  0.000241971      13.5585      245.399       3313.2
     16.8708  0.000226603      13.6736      253.871      3406.47
     17.2926   0.00021221      13.7897      261.662       3463.5
     17.7249  0.000198732      13.9069       269.34      3507.72
      18.168  0.000186109       14.025      277.243       3552.5
     18.6222  0.000174289      14.1441      285.378      3597.85
     19.0878  0.000163181      14.2609      293.717      3642.52
      19.565  0.000152764       14.377      302.283       3687.1
     20.0541  0.000143011      14.4941      311.098      3732.22
     20.5555  0.000133882      14.6121      320.171       3777.9
     21.0693  0.000125335      14.7311      331.536      3895.17
     21.5961  0.000117333       14.851      341.205      3942.84
      22.136  0.000109843      14.9719      351.155       3991.1
     22.6894   0.00010283      15.0938      361.396      4039.94
     23.2566  9.62471e-05      15.2138        371.9      4088.19
      23.838  9.00718e-05      15.3324       382.68      4136.09
      24.434  8.42927e-05      15.4519      393.772      4184.56
     25.0448  7.88844e-05      15.5724      405.187      4233.59
      25.671  7.38231e-05      15.6938      419.487      4362.44
     26.3127  6.90865e-05      15.8161      431.647      4413.56
     26.9705  6.46539e-05      15.9395      444.159      4465.27
     27.6448  6.05056e-05      16.0637      457.033      4517.59
     28.3359  5.66147e-05      16.1864      470.245      4569.46
     29.0443  5.29645e-05      16.3072      483.795      4620.69
     29.7704  4.95497e-05      16.4288      497.736      4672.49
     30.5147  4.63551e-05      16.5514      512.078      4724.87
     31.2776  4.33664e-05      16.6749      529.996      4864.41
     32.0595  4.05704e-05      16.7992      545.268      4918.94
      32.861  3.79547e-05      16.9246       560.98      4974.08
     33.6825  3.55076e-05      17.0508      577.145      5029.84
     34.5246  3.32142e-05      17.1759      593.738      5085.28
     35.3877  3.10621e-05      17.2981      610.743      5139.65
     36.2724  2.90495e-05      17.4212      628.234       5194.6
     37.1792  2.71673e-05      17.5451      646.226      5250.14
     38.1087   2.5407e-05        17.67       668.68      5401.36
     39.0614  2.37608e-05      17.7957      687.831      5459.12
     40.0379  2.22213e-05      17.9223       707.53      5517.48
     41.0389  2.07815e-05      18.0498      727.793      5576.48
     42.0648  1.94332e-05      18.1765      748.601       5635.3
     43.1165  1.81675e-05      18.2993      769.903       5692.5
     44.1944  1.69843e-05      18.4229      791.811      5750.28
     45.2992  1.58782e-05      18.5474      814.343      5808.64
     46.4317  1.48441e-05      18.6727      842.637      5975.92
     47.5925  1.38773e-05      18.7988      866.615      6036.58
     48.7823  1.29735e-05      18.9258      891.275      6097.85
     50.0019  1.21286e-05      19.0537      916.637      6159.75
     51.2519  1.13379e-05      19.1812       942.69      6221.66
     52.5332  1.05954e-05      19.3031      969.324       6281.1
     53.8466  9.90142e-06      19.4259      996.711      6341.12
     55.1927  9.25293e-06      19.5494      1024.87      6401.71
     56.5725  8.64691e-06      19.6738      1060.38      6584.17
     57.9869  8.08058e-06      19.7989      1090.34      6647.08
     59.4365  7.55134e-06      19.9248      1121.15      6710.59
     60.9224  7.05677e-06      20.0515      1152.82      6774.71
     62.4455  6.59439e-06      20.1784      1185.38      6839.13
     64.0066  6.15971e-06      20.2976      1218.59       6899.8
     65.6068  5.75368e-06      20.4175      1252.74      6961.02
      67.247  5.37442e-06      20.5381      1287.84      7022.78
     68.9281  5.02016e-06      20.6594      1332.75      7227.62
     70.6514  4.68925e-06      20.7814       1370.1      7291.75
     72.4176  4.38015e-06      20.9041      1408.49      7356.44
     74.2281  4.09143e-06      21.0276      1447.96       7421.7
     76.0838  3.82173e-06      21.1518      1488.53      7487.55
     77.9859  3.56794e-06      21.2655      1529.84         7548
     79.9355  3.33093e-06      21.3794      1572.28      7608.74
     81.9339  3.10967e-06      21.4939       1615.9      7669.97
     83.9823  2.90311e-06      21.6091      1672.88       7902.7
     86.0818  2.71027e-06      21.7248      1719.29      7966.29
     88.2339  2.53024e-06      21.8412      1766.98       8030.4
     90.4397  2.36217e-06      21.9582         1816      8095.02
     92.7007  2.20526e-06      22.0759      1866.38      8160.16
     95.0182  2.05754e-06      22.1809      1917.58      8218.45
     97.3937  1.91955e-06      22.2844       1970.1      8276.03
     99.8285  1.79081e-06      22.3884      2024.06      8334.02
     102.324   1.6707e-06      22.4928      2097.21      8608.76
     104.882  1.55865e-06      22.5977      2154.65      8669.08
     107.504  1.45411e-06      22.7032      2213.66      8729.82
     110.192  1.35659e-06      22.8091      2274.29      8790.98
     112.947   1.2656e-06      22.9155      2336.58      8852.58
      115.77  1.17991e-06      23.0067      2399.75      8905.45
     118.665   1.0998e-06      23.0934      2464.38      8955.86
     121.631  1.02512e-06      23.1805      2530.74      9006.56
     124.672  9.55518e-07      23.2679      2623.26      9314.66
     127.789  8.90639e-07      23.3556       2696.8      9397.71
     130.984  8.30165e-07      23.4437      2769.43      9450.91
     134.258  7.73798e-07      23.5321      2844.01      9504.41
     137.615  7.21257e-07      23.6208       2920.6      9558.21
     141.055  6.71754e-07      23.6911      2998.07      9600.94
     144.581  6.25403e-07      23.7524      3076.99       9638.2
     148.196   5.8225e-07      23.8138      3157.99       9675.6
     151.901  5.42075e-07      23.8754      3241.12      9713.15
     155.698  5.04672e-07      23.9371      3372.34      10160.1
     159.591   4.6985e-07       23.999      3461.11      10199.5
     163.581  4.37431e-07      24.0611      3552.22      10239.1
      167.67  4.07248e-07      24.1233      3645.73      10278.8
     171.862   3.7881e-07      24.1641      3740.03      10304.9
     176.158  3.52119e-07      24.1886      3835.48      10320.6
     180.562  3.27309e-07      24.2131      3933.36      10336.3
     185.076  3.04248e-07      24.2377      4033.73        10352
     189.703  2.82811e-07      24.2622      4217.91      10990.7
     194.446  2.62884e-07      24.2868      4325.55      11007.5
     199.307  2.44362e-07      24.3115      4435.93      11024.2
      204.29  2.27144e-07      24.3361      4549.14        11041
     209.397  2.10937e-07      24.3374      4662.99      11041.9
     214.632  1.95675e-07      24.3124      4777.11      11024.8
     219.998  1.81517e-07      24.2874      4894.02      11007.8
     225.498  1.68383e-07      24.2624      5013.79      10990.9
     231.135  1.56199e-07      24.2374      5292.75      12006.3
     236.914  1.44897e-07      24.2125      5422.27      11987.8
     242.836  1.34413e-07      24.1876      5554.97      11969.3
     248.907  1.24687e-07      24.1627      5690.91      11950.8
      255.13  1.15557e-07      24.1152      5827.45      11915.6
     261.508  1.06924e-07      24.0293      5962.49      11851.9
     268.046  9.89357e-08      23.9437      6100.65      11788.7
     274.747  9.15444e-08      23.8584      6242.02      11725.7
     281.616  8.47052e-08      23.7734      6734.99      13677.6
     288.656   7.8377e-08      23.6887      6891.06      13604.6
     295.873  7.25216e-08      23.6043      7050.75      13531.9
     303.269  6.71036e-08      23.5202      7214.13      13459.7
     310.851  6.20416e-08       23.418      7378.41        13372
     318.622  5.72398e-08      23.2668      7538.41      13242.7
     326.588  5.28096e-08      23.1166      7701.88      13114.7
     334.753  4.87223e-08      22.9673       7868.9      12987.8
     343.121  4.49514e-08       22.819      9172.59      19103.3
     351.699  4.14723e-08      22.6716       9371.5      18918.6
     360.492  3.82624e-08      22.5252      9574.72      18735.6
     369.504  3.53011e-08      22.3798      9782.36      18554.5
     378.742  3.25531e-08      22.2245      9992.08      18361.7
      388.21  2.99488e-08      22.0187      10194.3      18107.2
     397.916  2.75528e-08      21.8147      10400.7      17856.2
     407.864  2.53485e-08      21.6126      10611.2      17608.6
      418.06  2.33206e-08      21.4124            0            0
     428.512  2.14549e-08      21.2141            0            0
     439.224  1.97384e-08      21.0176            0            0
     450.205  1.81593e-08      20.8229            0            0
      461.46  1.67043e-08      20.6272            0            0
     472.997  1.53387e-08      20.3973            0            0
     484.822  1.40848e-08        20.17            0            0
     496.942  1.29334e-08      19.9453            0            0
     509.366  1.18761e-08       19.723            0            0
       522.1  1.09053e-08      19.5032            0            0
     535.152  1.00138e-08      19.2859            0            0
     548.531  9.19515e-09       19.071            0            0
     562.244  8.44346e-09      18.8584            0            0
     576.301            0            0            0            0
     590.708            0            0            0            0
     605.476            0            0            0            0
     620.613            0            0            0            0
     636.128            0            0            0            0
     652.031            0            0            0            0
     668.332            0            0            0            0
      685.04            0            0            0            0
     702.166            0            0            0            0
      719.72            0            0            0            0
     737.713            0            0            0            0
     756.156            0            0            0            0
      775.06            0            0            0            0
     794.437            0            0            0            0
     814.298            0            0            0            0
     834.655            0            0            0            0
     855.521            0            0            0            0
     876.909            0            0            0            0
     898.832            0            0            0            0
     921.303            0            0            0            0
     944.336            0            0            0            0
     967.944            0            0            0            0
     992.143            0            0            0            0
     1016.95            0            0            0            0
     1042.37            0            0            0            0
     1068.43            0            0            0            0
     1095.14            0            0            0            0
     1122.52            0            0            0            0
     1150.58            0            0            0            0
     1179.35            0            0            0            0
     1208.83            0            0            0            0
     1239.05            0            0            0            0
     1270.03            0            0            0            0
     1301.78            0            0            0            0
     1334.32            0            0            0            0
     1367.68            0            0            0            0
     1401.87            0            0            0            0
     1436.92            0            0            0            0
     1472.84            0            0            0            0
     1509.66            0            0            0            0
      1547.4            0            0            0            0
     1586.09            0            0            0            0
     1625.74            0            0            0            0
     1666.38            0            0            0            0
     1708.04            0            0            0            0
     1750.75            0            0            0            0
     1794.51            0            0            0            0
     1839.38            0            0            0            0
     1885.36            0            0            0            0
      1932.5            0            0            0            0
     1980.81            0            0            0            0
     2030.33            0            0            0            0
     2081.09            0            0            0            0
     2133.11            0            0            0            0
     2186.44            0            0            0            0
      2241.1            0            0            0            0
     2297.13            0            0            0            0
     2354.56            0            0            0            0
     2413.42            0            0            0            0
     2473.76            0            0            0            0
      2535.6            0            0            0            0
     2598.99            0            0            0            0
     2663.97            0            0            0            0
     2730.57            0            0            0            0
     2798.83            0            0            0            0
      2868.8            0            0            0            0
     2940.52            0            0            0            0
     3014.03            0            0            0            0
     3089.38            0            0            0            0
     3166.62            0            0            0            0
     3245.78            0            0            0            0
     3326.93            0            0            0            0
      3410.1            0            0            0            0
     3495.35            0            0            0            0
     3582.74            0            0            0            0
     3672.31            0            0            0            0
     3764.11            0            0            0            0
     3858.22            0            0            0            0
     3954.67            0            0            0            0
     4053.54            0            0            0            0
     4154.88            0            0            0            0
     4258.75            0            0            0            0
     4365.22            0            0            0            0
     4474.35            0            0            0            0
     4586.21            0            0            0            0
     4700.86            0            0            0            0
     4818.38            0            0            0            0
     4938.84            0            0            0            0
     5062.32            0            0            0            0
     5188.87            0            0            0            0
     5318.59            0            0            0            0
     5451.56            0            0            0            0
     5587.85            0            0            0            0
     5727.54            0            0            0            0
     5870.73            0            0            0            0
      6017.5            0            0            0            0
     6167.94            0            0            0            0
